STRATO	N	M1	M2	M3	M4	M5	M6	M7	M8	M9	M10	M11	M12	M13	M14	M15	S1	S2	S3	S4	S5	S6	S7	S8	S9	S10	S11	S12	S13	S14	S15	COST	CENS	DOM1	X1	SOLUZ
1	939	29.9131528652989	35.8043847384051	19.2885688956494	1.44807807809367	5.92193723239864	19.4643179621123	15.4666901848947	7.63899554961825	0.0957419205506003	0.0198180562605789	8.16446993333861	0.10839805807692	2.80315055162795	0.582181479409217	0.0506336288621395	24.6192675784667	89.1978169380159	16.771979851171	2.10940679663775	8.86305468758516	10.1821149397721	21.1891353544642	11.6067994550713	0.889694779894304	0.0358273475085291	36.7933341788093	0.148909119651748	7.33559587609885	1.57512902308918	0.126012043970587	1	0	1	1	3.69270811148155
2	893	42.8586160349036	43.3772233112503	21.4584025467604	2.38310901978431	15.9190335620787	21.2422839489853	12.9866108927903	20.4591889792492	17.5310957835655	0.0807998288148399	7.53565867280616	0.0943361499401615	4.85082959465417	1.47458607284391	0.0227662315972499	38.5909047159885	110.654047261691	23.3319470892227	3.17934875846671	18.9456186415251	12.4368302556266	17.3450462178792	37.8568010665343	56.5492281601627	0.1444173454261	34.7417677655543	0.157529159415833	43.0464943256208	14.4703097698176	0.0865325428771993	1	0	1	2	41.6813598179018
3	1269	59.0973868517033	21.9882052264475	22.8596133645004	2.29335028833662	16.4980592978355	25.4815471549919	20.4574078395557	11.8939129107647	7.97887518492601	0.199897778095088	7.40355486540201	0.16974801615411	2.82813754655315	0.701925964197504	0.053369002654082	80.5766333963211	67.862910353826	26.9578415190057	4.05514554453475	25.2928739316159	16.3469018912513	26.9392535969335	17.7569548266445	27.8879442403461	0.450548088289772	35.3978490574841	0.297068180300197	11.4211650316305	3.4797254869892	0.188778019245404	1	0	1	3	26.5827623290858
4	1808	69.6671156454682	13.0957713110769	12.235517061392	4.3902446592838	10.4556555162676	17.9693616588108	4.70353319087521	1.88502233212391	1.42147357969621	0.776491622395283	14.5093758262057	0.409357541312521	4.53099061776787	3.02354091192995	0.192304667297229	72.7525002542091	39.9448636736845	14.7804298625652	6.36123171414123	16.033223392616	12.6470835360414	9.74072829337803	6.11727778163239	6.85725787245189	1.59247031630006	47.4688810492285	0.489975036530139	14.3622091785351	10.3732819383104	0.471789290984331	1	0	1	4	18.1941383191865
5	648	69.6052725649106	17.8361119407365	13.4221877964418	5.88775902186906	9.86229793015932	21.5710409283682	7.77181673027727	1.88017660391563	0.171110971866944	1.12516734644055	24.621244454814	0.174874893644252	14.7951516224501	8.02179589837925	0.0757021791721762	74.3328185416933	72.0617241020489	13.8507366045231	8.30792937561326	12.3121974342373	12.5367365836067	13.2619151744992	3.9650329641839	0.83062298963528	1.64763637025548	86.5648298974816	0.293692522573471	69.6051699712643	31.746421396695	0.358854689906447	1	0	1	5	24.8792454412282
6	2821	90.4428045043181	25.4177358897416	17.3409649007886	4.40491627694636	18.1712947680872	24.6198275964866	8.48836142277627	6.73150153519444	4.95445211053738	0.966477690602953	15.2595346724032	0.225355353513419	3.88073680794561	1.8032072658162	0.0621052295591935	132.246017324568	82.7552247965696	20.0404168110889	7.53626537753129	28.7545394149636	15.6714560765783	13.4325648895921	17.8887746191401	17.5618719944458	2.05532238689852	86.8872933933635	0.49790126718584	17.3920853578373	7.67702903978543	0.29799098372977	1	0	1	6	44.8999459978541
7	2779	106.358880717328	11.6254265309964	19.2648232496259	4.50719363764178	6.29681426013408	25.2069359771906	4.54813052740436	1.19249865720051	0.180686478776083	2.3237396490756	57.596296266379	0.47746866090381	3.46128905062877	4.71456845332419	0.180529053648147	147.51411705818	36.8784815724092	34.2463050845397	5.27885186871153	9.98491384392498	21.5651841096336	9.42640659665839	5.31035106985617	1.36661814046392	3.90965352431796	221.737462184468	0.695832274414454	10.5800453924581	15.0299119466317	0.483838347949723	1	0	1	7	27.2993284746125
8	10312	66.7284753682776	11.7701080765496	5.11604284205452	5.44676098589242	5.48578922651079	9.64058373150085	1.24892550087983	0.15410693557041	0.00910421533060464	4.1513105186233	51.2763790584996	1.84478577820351	0.670139996783926	1.64911295081467	3.48741964901274	78.1358757180433	32.0499139050232	6.63530517180634	6.12036989480425	9.84472256244522	8.21789687231218	6.20511847232323	1.04624585487692	0.125864061933318	6.39223825832484	138.503109557789	2.06284848438578	3.40845212770793	6.52781442719961	5.59098272259935	1	0	1	8	45.4953712809076
9	1870	15.7688093924208	14.0055190010082	0.476167282380009	3.73892075097699	0.0784066915037572	1.66083352947131	0.0000838279135962511	0.000122665229321657	0.0000000000084930796588028	6.67128821240138	30.4232674738558	10.7504635368084	0.0292300664065044	0.0418002635172811	24.6091771039026	15.7822092339909	34.6985403816013	0.858795867105348	4.2499942492624	0.242157721096409	1.51442832911341	0.000271294107352007	0.000857524374089999	0.00000000013088863572126	8.11492433157324	54.3844023215168	6.72579952886073	0.20215650220907	0.14683133525805	9.78917437815374	1	0	1	9	2.03262739776315
